avg_ms=47.762575492858886
p50_ms=47.79008102416992
p90_ms=48.050174713134766
p95_ms=48.09113693237305
p99_ms=48.216064453125
throughput_tokens_per_s=21439.379879192256
config_model_name=distilgpt2
config_batch_size=8
config_seq_len=128
config_num_warmup=10
config_num_iters=100
config_device=cuda
config_out_dir=data/4_distilgpt2_mps/distilgpt2_2
config_tag=distilgpt2_2
