avg_ms=60.11313659667969
p50_ms=60.07603073120117
p90_ms=60.92902374267578
p95_ms=61.1409912109375
p99_ms=62.43840026855469
throughput_tokens_per_s=34069.092314060355
config_model_name=distilgpt2
config_batch_size=16
config_seq_len=128
config_num_warmup=10
config_num_iters=200
config_device=cuda
config_out_dir=data/distilGPT2_mistral7b/distilgpt2
config_tag=distilgpt2
