avg_ms=86.3135228729248
p50_ms=84.6039047241211
p90_ms=85.33094024658203
p95_ms=86.17574310302734
p99_ms=119.92063903808594
throughput_tokens_per_s=11863.726168465922
config_model_name=mistralai/Mistral-7B-Instruct-v0.2
config_batch_size=8
config_seq_len=128
config_num_warmup=10
config_num_iters=100
config_device=cuda
config_out_dir=data/distilbert_mistral/mistral7b
config_tag=mistral7b
