avg_ms=136.80088104248046
p50_ms=136.96307373046875
p90_ms=138.2993927001953
p95_ms=138.55538940429688
p99_ms=140.17433166503906
throughput_tokens_per_s=7485.331908659416
config_model_name=meta-llama/Llama-3.2-3B-Instruct
config_batch_size=8
config_seq_len=128
config_num_warmup=10
config_num_iters=100
config_device=cuda
config_out_dir=data/3_llama/llama3.2_3b_2
config_tag=llama3.2_3b_2
