avg_ms=61.87301860809326
p50_ms=42.455039978027344
p90_ms=143.88223266601562
p95_ms=148.068359375
p99_ms=148.96742248535156
throughput_tokens_per_s=16550.024922592936
config_model_name=meta-llama/Llama-3.2-3B-Instruct
config_batch_size=8
config_seq_len=128
config_num_warmup=10
config_num_iters=100
config_device=cuda
config_out_dir=data/3_roberta_1_llama/llama3.2_3b
config_tag=llama3.2_3b
