avg_ms=23.642388458251954
p50_ms=23.67078399658203
p90_ms=23.67897605895996
p95_ms=23.6810245513916
p99_ms=23.68511962890625
throughput_tokens_per_s=43312.03684467806
config_model_name=distilgpt2
config_batch_size=8
config_seq_len=128
config_num_warmup=10
config_num_iters=100
config_device=cuda
config_out_dir=data/10_distilgpt2/distilgpt2_2
config_tag=distilgpt2_2
