avg_ms=1754.8253649902344
p50_ms=1721.0399169921875
p90_ms=1722.0167236328125
p95_ms=1722.2738037109375
p99_ms=4093.6162109375
throughput_tokens_per_s=1167.0676985065104
config_model_name=mistralai/Mistral-7B-Instruct-v0.2
config_batch_size=16
config_seq_len=128
config_num_warmup=10
config_num_iters=200
config_device=cuda
config_out_dir=data/distilGPT2_mistral7b/mistral7b
config_tag=mistral7b
