avg_ms=26.159267826080324
p50_ms=26.161151885986328
p90_ms=26.170368194580078
p95_ms=26.174463272094727
p99_ms=26.174463272094727
throughput_tokens_per_s=39144.82648398478
config_model_name=distilgpt2
config_batch_size=8
config_seq_len=128
config_num_warmup=10
config_num_iters=100
config_device=cuda
config_out_dir=data/10_distilgpt2/distilgpt2_5
config_tag=distilgpt2_5
