avg_ms=11.124111356735229
p50_ms=11.112447738647461
p90_ms=11.123711585998535
p95_ms=11.12985610961914
p99_ms=11.460607528686523
throughput_tokens_per_s=92052.29677784615
config_model_name=distilgpt2
config_batch_size=8
config_seq_len=128
config_num_warmup=10
config_num_iters=100
config_device=cuda
config_out_dir=experiments/logs
config_tag=solo
