avg_ms=11.188561935424804
p50_ms=11.197440147399902
p90_ms=11.234304428100586
p95_ms=11.324416160583496
p99_ms=11.339776039123535
throughput_tokens_per_s=91522.0388384185
config_model_name=distilgpt2
config_batch_size=8
config_seq_len=128
config_num_warmup=10
config_num_iters=100
config_device=cuda
config_out_dir=experiments/logs
config_tag=solo
