avg_ms=11.11587978724856
p50_ms=11.113401036709547
p90_ms=11.1265960149467
p95_ms=11.129090969916433
p99_ms=11.145752039738
throughput_tokens_per_s=92120.46366088527
config_model_name=distilgpt2
config_batch_size=8
config_seq_len=128
config_num_warmup=10
config_num_iters=100
config_device=cuda
config_out_dir=experiments/logs
config_tag=solo
