avg_ms=35.12145927429199
p50_ms=35.04127883911133
p90_ms=35.575809478759766
p95_ms=35.62188720703125
p99_ms=35.736576080322266
throughput_tokens_per_s=29155.963936542405
config_model_name=distilgpt2
config_batch_size=8
config_seq_len=128
config_num_warmup=10
config_num_iters=100
config_device=cuda
config_out_dir=data/3_distilgpt2_mps/distilgpt2_1
config_tag=distilgpt2_1
