avg_ms=48.36161521911621
p50_ms=48.324607849121094
p90_ms=48.75263977050781
p95_ms=48.8089599609375
p99_ms=49.00761413574219
throughput_tokens_per_s=21173.81719697478
config_model_name=distilgpt2
config_batch_size=8
config_seq_len=128
config_num_warmup=10
config_num_iters=100
config_device=cuda
config_out_dir=data/4_distilgpt2_mps/distilgpt2_1
config_tag=distilgpt2_1
