avg_ms=3.5607859325408935
p50_ms=3.412992000579834
p90_ms=4.120575904846191
p95_ms=4.320256233215332
p99_ms=5.837823867797852
throughput_tokens_per_s=287576.9617718349
config_model_name=distilbert-base-uncased
config_batch_size=8
config_seq_len=128
config_num_warmup=10
config_num_iters=100
config_device=cuda
config_out_dir=data/distilbert_llama/distilbert
config_tag=distilbert
