avg_ms=11.169761257171631
p50_ms=11.194368362426758
p90_ms=11.230208396911621
p95_ms=11.23635196685791
p99_ms=11.283455848693848
throughput_tokens_per_s=91676.08657190707
config_model_name=distilgpt2
config_batch_size=8
config_seq_len=128
config_num_warmup=10
config_num_iters=100
config_device=cuda
config_out_dir=experiments/logs/no_mps/
config_tag=solo
