avg_ms=4.0638771247863765
p50_ms=4.050943851470947
p90_ms=4.089856147766113
p95_ms=4.1113600730896
p99_ms=4.2782721519470215
throughput_tokens_per_s=31497.015305729376
config_model_name=distilgpt2
config_batch_size=1
config_seq_len=128
config_num_warmup=10
config_num_iters=100
config_device=cuda
config_out_dir=experiments/logs/no_mps/
config_tag=solo
