avg_ms=1712.2700036621093
p50_ms=1715.1549072265625
p90_ms=1720.1878662109375
p95_ms=1720.599609375
p99_ms=1720.974365234375
throughput_tokens_per_s=1196.0730466689538
config_model_name=mistralai/Mistral-7B-Instruct-v0.2
config_batch_size=16
config_seq_len=128
config_num_warmup=10
config_num_iters=100
config_device=cuda
config_out_dir=experiments/logs/no_mps/
config_tag=solo
