avg_ms=84.53226493835449
p50_ms=84.55987548828125
p90_ms=84.61619567871094
p95_ms=84.74317169189453
p99_ms=85.17427062988281
throughput_tokens_per_s=96909.74216737301
config_model_name=distilgpt2
config_batch_size=64
config_seq_len=128
config_num_warmup=10
config_num_iters=100
config_device=cuda
config_out_dir=experiments/logs/no_mps/
config_tag=solo
