avg_ms=78.57732620239258
p50_ms=78.59097290039062
p90_ms=78.89202880859375
p95_ms=78.92479705810547
p99_ms=79.31597137451172
throughput_tokens_per_s=814.4843187353362
config_model_name=mistralai/Mistral-7B-Instruct-v0.2
config_batch_size=4
config_seq_len=16
config_num_warmup=10
config_num_iters=100
config_device=cuda
config_out_dir=experiments/logs/no_mps/
config_tag=solo
