avg_ms=11.157503986358643
p50_ms=11.1278076171875
p90_ms=11.232255935668945
p95_ms=11.23532772064209
p99_ms=11.24556827545166
throughput_tokens_per_s=91776.79893746488
config_model_name=distilgpt2
config_batch_size=8
config_seq_len=128
config_num_warmup=10
config_num_iters=100
config_device=cuda
config_out_dir=experiments/logs/no_mps/
config_tag=solo_distilgpt2
