avg_ms=4.791828503608704
p50_ms=4.7175679206848145
p90_ms=4.7769598960876465
p95_ms=4.799488067626953
p99_ms=5.851136207580566
throughput_tokens_per_s=53424.2825692129
config_model_name=distilgpt2
config_batch_size=2
config_seq_len=128
config_num_warmup=10
config_num_iters=100
config_device=cuda
config_out_dir=experiments/logs/no_mps/
config_tag=solo
