avg_ms=78.62131698608398
p50_ms=78.62169647216797
p90_ms=78.98111724853516
p95_ms=79.12140655517578
p99_ms=79.283203125
throughput_tokens_per_s=814.0285924150576
config_model_name=mistralai/Mistral-7B-Instruct-v0.2
config_batch_size=4
config_seq_len=16
config_num_warmup=10
config_num_iters=100
config_device=cuda
config_out_dir=experiments/logs/no_mps/
config_tag=solo
