avg_ms=4.04059136390686
p50_ms=4.031487941741943
p90_ms=4.067327976226807
p95_ms=4.088831901550293
p99_ms=4.2639360427856445
throughput_tokens_per_s=15839.26565098585
config_model_name=distilgpt2
config_batch_size=4
config_seq_len=16
config_num_warmup=10
config_num_iters=200
config_device=cuda
config_out_dir=experiments/logs/no_mps/
config_tag=solo
