avg_ms=49.50130695343017
p50_ms=49.50425720214844
p90_ms=49.974273681640625
p95_ms=50.06028747558594
p99_ms=50.3296012878418
throughput_tokens_per_s=20686.322503835272
config_model_name=distilgpt2
config_batch_size=8
config_seq_len=128
config_num_warmup=10
config_num_iters=100
config_device=cuda
config_out_dir=data/4_distilgpt2_mps/distilgpt2_4
config_tag=distilgpt2_4
