avg_ms=104.33840110778809
p50_ms=94.99954986572266
p90_ms=150.4389190673828
p95_ms=160.96768188476562
p99_ms=164.42982482910156
throughput_tokens_per_s=9814.219780329431
config_model_name=meta-llama/Llama-3.2-3B-Instruct
config_batch_size=8
config_seq_len=128
config_num_warmup=10
config_num_iters=100
config_device=cuda
config_out_dir=data/all_models/llama3.2_3b
config_tag=llama3.2_3b
