avg_ms=136.49730590820312
p50_ms=136.81663513183594
p90_ms=138.2010955810547
p95_ms=138.59225463867188
p99_ms=138.99673461914062
throughput_tokens_per_s=7501.979567923914
config_model_name=meta-llama/Llama-3.2-3B-Instruct
config_batch_size=8
config_seq_len=128
config_num_warmup=10
config_num_iters=100
config_device=cuda
config_out_dir=data/3_llama/llama3.2_3b_3
config_tag=llama3.2_3b_3
