avg_ms=6.178754544258117
p50_ms=6.546432018280029
p90_ms=6.857728004455566
p95_ms=6.889472007751465
p99_ms=6.907904148101807
throughput_tokens_per_s=165729.19229355006
config_model_name=distilgpt2
config_batch_size=8
config_seq_len=128
config_num_warmup=10
config_num_iters=100
config_device=cuda
config_out_dir=data/mps_pair_distilGPT2/distilgpt2_2
config_tag=distilgpt2_2
