avg_ms=6.073149423599244
p50_ms=5.500927925109863
p90_ms=6.928383827209473
p95_ms=6.996992111206055
p99_ms=7.004159927368164
throughput_tokens_per_s=168611.0333496665
config_model_name=distilgpt2
config_batch_size=8
config_seq_len=128
config_num_warmup=10
config_num_iters=100
config_device=cuda
config_out_dir=data/mps_pair_distilGPT2/distilgpt2_2
config_tag=distilgpt2_2
