avg_ms=46.97467393875122
p50_ms=46.869503021240234
p90_ms=47.06304168701172
p95_ms=48.84377670288086
p99_ms=49.05267333984375
throughput_tokens_per_s=43597.96094956022
config_model_name=distilgpt2
config_batch_size=16
config_seq_len=128
config_num_warmup=10
config_num_iters=200
config_device=cuda
config_out_dir=data/pair_distilGPT2/distilgpt2_2
config_tag=distilgpt2_2
