avg_ms=22.79560192108154
p50_ms=22.604799270629883
p90_ms=23.071744918823242
p95_ms=24.808448791503906
p99_ms=25.022464752197266
throughput_tokens_per_s=44920.945871273405
config_model_name=distilgpt2
config_batch_size=8
config_seq_len=128
config_num_warmup=10
config_num_iters=100
config_device=cuda
config_out_dir=data/pair_distilGPT2/distilgpt2_2
config_tag=distilgpt2_2
