avg_ms=4.34978304386139
p50_ms=4.343808174133301
p90_ms=4.438015937805176
p95_ms=4.629504203796387
p99_ms=6.4235520362854
throughput_tokens_per_s=14713.377507487343
config_model_name=distilgpt2
config_batch_size=4
config_seq_len=16
config_num_warmup=10
config_num_iters=200
config_device=cuda
config_out_dir=data/distilGPT2_mistral7b_smallbatch/distilgpt2
config_tag=distilgpt2
