avg_ms=11.1302450466156
p50_ms=11.125760078430176
p90_ms=11.141119956970215
p95_ms=11.160575866699219
p99_ms=11.24454402923584
throughput_tokens_per_s=92001.56831330233
config_model_name=distilgpt2
config_batch_size=8
config_seq_len=128
config_num_warmup=10
config_num_iters=100
config_device=cuda
config_out_dir=experiments/logs/gputimer
config_tag=solo
