avg_ms=187.45611297607422
p50_ms=187.0540771484375
p90_ms=189.9315185546875
p95_ms=190.9186553955078
p99_ms=191.55865478515625
throughput_tokens_per_s=5462.6119348303
config_model_name=mistralai/Mistral-7B-Instruct-v0.2
config_batch_size=8
config_seq_len=128
config_num_warmup=10
config_num_iters=100
config_device=cuda
config_out_dir=data/pair_mistral7b/mistral7b_1
config_tag=mistral7b_1
