avg_ms=10.340413432121277
p50_ms=11.015168190002441
p90_ms=12.04736042022705
p95_ms=12.056575775146484
p99_ms=12.071935653686523
throughput_tokens_per_s=99028.92246252598
config_model_name=distilgpt2
config_batch_size=8
config_seq_len=128
config_num_warmup=10
config_num_iters=100
config_device=cuda
config_out_dir=data/4_distilgpt2_mps/distilgpt2_3
config_tag=distilgpt2_3
