avg_ms=5.405849618911743
p50_ms=4.909056186676025
p90_ms=6.666240215301514
p95_ms=6.701056003570557
p99_ms=7.625728130340576
throughput_tokens_per_s=189424.4331950437
config_model_name=distilbert-base-uncased
config_batch_size=8
config_seq_len=128
config_num_warmup=10
config_num_iters=100
config_device=cuda
config_out_dir=data/4_distilbert_1_mistral/distilbert_4
config_tag=distilbert_4
