avg_ms=22.74691068649292
p50_ms=22.592512130737305
p90_ms=23.113727569580078
p95_ms=24.257535934448242
p99_ms=25.47609519958496
throughput_tokens_per_s=45017.10206336062
config_model_name=distilgpt2
config_batch_size=8
config_seq_len=128
config_num_warmup=10
config_num_iters=100
config_device=cuda
config_out_dir=data/pair_distilGPT2/distilgpt2_1
config_tag=distilgpt2_1
