avg_ms=181.62217971801758
p50_ms=266.89434814453125
p90_ms=271.6119079589844
p95_ms=272.437255859375
p99_ms=273.1356201171875
throughput_tokens_per_s=5638.07791311523
config_model_name=mistralai/Mistral-7B-Instruct-v0.2
config_batch_size=8
config_seq_len=128
config_num_warmup=10
config_num_iters=100
config_device=cuda
config_out_dir=data/2_llama_1_mistral/mistral7b
config_tag=mistral7b
