avg_ms=57.688576011657716
p50_ms=42.087425231933594
p90_ms=151.83360290527344
p95_ms=155.48927307128906
p99_ms=156.4303436279297
throughput_tokens_per_s=17750.481478223177
config_model_name=meta-llama/Llama-3.2-3B-Instruct
config_batch_size=8
config_seq_len=128
config_num_warmup=10
config_num_iters=100
config_device=cuda
config_out_dir=data/5_distilgpt2_llama/llama3.2_3b
config_tag=llama3.2_3b
