avg_ms=138.39355880737304
p50_ms=138.5850830078125
p90_ms=140.5655059814453
p95_ms=141.011962890625
p99_ms=141.70008850097656
throughput_tokens_per_s=7399.188291886352
config_model_name=meta-llama/Llama-3.2-3B-Instruct
config_batch_size=8
config_seq_len=128
config_num_warmup=10
config_num_iters=100
config_device=cuda
config_out_dir=data/2_llama_1_mistral/llama3.2_3b_2
config_tag=llama3.2_3b_2
