avg_ms=81.5507710647583
p50_ms=78.74457550048828
p90_ms=79.43373107910156
p95_ms=92.60441589355469
p99_ms=134.90687561035156
throughput_tokens_per_s=784.7871842827644
config_model_name=mistralai/Mistral-7B-Instruct-v0.2
config_batch_size=4
config_seq_len=16
config_num_warmup=10
config_num_iters=200
config_device=cuda
config_out_dir=data/distilGPT2_mistral7b_smallbatch/mistral7b
config_tag=mistral7b
