avg_ms=5.957386236190796
p50_ms=5.471231937408447
p90_ms=6.598656177520752
p95_ms=6.889472007751465
p99_ms=6.903808116912842
throughput_tokens_per_s=171887.4619508898
config_model_name=distilgpt2
config_batch_size=8
config_seq_len=128
config_num_warmup=10
config_num_iters=100
config_device=cuda
config_out_dir=data/mps_pair_distilGPT2/distilgpt2_1
config_tag=distilgpt2_1
