avg_ms=6.544384007453918
p50_ms=6.581247806549072
p90_ms=6.9324798583984375
p95_ms=6.99289608001709
p99_ms=7.0010881423950195
throughput_tokens_per_s=156470.03580989214
config_model_name=distilgpt2
config_batch_size=8
config_seq_len=128
config_num_warmup=10
config_num_iters=100
config_device=cuda
config_out_dir=data/mps_pair_distilGPT2/distilgpt2_1
config_tag=distilgpt2_1
