avg_ms=43.71058696746826
p50_ms=41.948158264160156
p90_ms=43.705345153808594
p95_ms=58.73049545288086
p99_ms=59.37254333496094
throughput_tokens_per_s=23426.81878790864
config_model_name=meta-llama/Llama-3.2-3B-Instruct
config_batch_size=8
config_seq_len=128
config_num_warmup=10
config_num_iters=100
config_device=cuda
config_out_dir=data/distilbert_llama/llama3.2_3b
config_tag=llama3.2_3b
