avg_ms=92.02996223449708
p50_ms=92.12620544433594
p90_ms=93.91001892089844
p95_ms=94.45990753173828
p99_ms=95.1941146850586
throughput_tokens_per_s=11126.811042155981
config_model_name=meta-llama/Llama-3.2-3B-Instruct
config_batch_size=8
config_seq_len=128
config_num_warmup=10
config_num_iters=100
config_device=cuda
config_out_dir=data/pair_llama/llama3.2_3b_1
config_tag=llama3.2_3b_1
