avg_ms=6.62416383266449
p50_ms=6.546432018280029
p90_ms=6.8976640701293945
p95_ms=7.168000221252441
p99_ms=7.7803521156311035
throughput_tokens_per_s=154585.54858660678
config_model_name=distilgpt2
config_batch_size=8
config_seq_len=128
config_num_warmup=10
config_num_iters=100
config_device=cuda
config_out_dir=data/nomps_pair_distilGPT2/distilgpt2_1
config_tag=distilgpt2_1
