avg_ms=24.362158031463622
p50_ms=24.54528045654297
p90_ms=25.6942081451416
p95_ms=25.75872039794922
p99_ms=27.34899139404297
throughput_tokens_per_s=42032.40118044996
config_model_name=distilgpt2
config_batch_size=8
config_seq_len=128
config_num_warmup=10
config_num_iters=100
config_device=cuda
config_out_dir=data/nomps_pair_distilGPT2/distilgpt2_1
config_tag=distilgpt2_1
