avg_ms=22.08063488006592
p50_ms=22.07334327697754
p90_ms=22.303743362426758
p95_ms=22.511615753173828
p99_ms=22.577152252197266
throughput_tokens_per_s=92750.95626208218
config_model_name=distilgpt2
config_batch_size=16
config_seq_len=128
config_num_warmup=10
config_num_iters=100
config_device=cuda
config_out_dir=data/solo_distilgpt2/distilgpt2
config_tag=distilgpt2
