avg_ms=12.089303035736084
p50_ms=11.469823837280273
p90_ms=14.199808120727539
p95_ms=15.328255653381348
p99_ms=16.911359786987305
throughput_tokens_per_s=84702.98055835371
config_model_name=roberta-large
config_batch_size=8
config_seq_len=128
config_num_warmup=10
config_num_iters=100
config_device=cuda
config_out_dir=data/solo_RoBERTa/RoBERTa
config_tag=RoBERTa
