avg_ms=22.134015979766847
p50_ms=23.159807205200195
p90_ms=25.598976135253906
p95_ms=25.644031524658203
p99_ms=25.754623413085938
throughput_tokens_per_s=46263.63335673288
config_model_name=roberta-large
config_batch_size=8
config_seq_len=128
config_num_warmup=10
config_num_iters=100
config_device=cuda
config_out_dir=data/3_roberta_2_distilgpt2/roberta_large_1
config_tag=roberta_large_1
