avg_ms=34.46806518554688
p50_ms=34.469886779785156
p90_ms=34.753536224365234
p95_ms=34.78937530517578
p99_ms=34.89382553100586
throughput_tokens_per_s=29708.659145433638
config_model_name=distilgpt2
config_batch_size=8
config_seq_len=128
config_num_warmup=10
config_num_iters=100
config_device=cuda
config_out_dir=data/3_distilgpt2_mps/distilgpt2_3
config_tag=distilgpt2_3
