avg_ms=26.569482250213625
p50_ms=26.56153678894043
p90_ms=26.574848175048828
p95_ms=26.57587242126465
p99_ms=26.57689666748047
throughput_tokens_per_s=38540.45744499846
config_model_name=distilgpt2
config_batch_size=8
config_seq_len=128
config_num_warmup=10
config_num_iters=100
config_device=cuda
config_out_dir=data/10_distilgpt2/distilgpt2_6
config_tag=distilgpt2_6
